[1.jpg]
filters=finetune2=1,0.000000,0.000000,0.000000,00000000,-0.052632;bw=1;
moddate=96f081021d63d601
width=1857
height=1856
textactive=0
